2.166209983825683594e+01
1.679140090942382812e+01
2.063279533386230469e+01
2.148244094848632812e+01
1.431676387786865234e+01
2.362634277343750000e+01
2.224228477478027344e+01
1.969998359680175781e+01
1.904637908935546875e+01
1.685938262939453125e+01
2.113162994384765625e+01
1.702725601196289062e+01
1.952874374389648438e+01
2.074132156372070312e+01
2.255453872680664062e+01
2.176324081420898438e+01
2.270343589782714844e+01
2.183223915100097656e+01
1.774090194702148438e+01
1.979950714111328125e+01
2.325470542907714844e+01
2.355946922302246094e+01
2.069617652893066406e+01
2.216385459899902344e+01
1.802173614501953125e+01
2.508811187744140625e+01
2.182734107971191406e+01
2.305002212524414062e+01
1.969984436035156250e+01
2.014685440063476562e+01
2.190923309326171875e+01
2.289805030822753906e+01
1.763043022155761719e+01
1.871102333068847656e+01
1.938780784606933594e+01
2.384900856018066406e+01
2.036702156066894531e+01
2.259150695800781250e+01
2.071380996704101562e+01
2.147986793518066406e+01
2.362430381774902344e+01
2.301523590087890625e+01
1.599859046936035156e+01
1.602816200256347656e+01
1.931299209594726562e+01
2.131944656372070312e+01
2.313708496093750000e+01
2.169396781921386719e+01
1.190426254272460938e+01
2.149795913696289062e+01
2.172971725463867188e+01
1.907613754272460938e+01
2.383055305480957031e+01
1.811680984497070312e+01
2.293306922912597656e+01
9.987617492675781250e+00
1.872166061401367188e+01
1.925532722473144531e+01
2.209907913208007812e+01
2.104162597656250000e+01
1.953234481811523438e+01
2.118455696105957031e+01
2.410925483703613281e+01
2.106568145751953125e+01
1.625161552429199219e+01
2.010950469970703125e+01
1.715490341186523438e+01
1.937970352172851562e+01
1.890581321716308594e+01
5.450395941734313965e-01
1.947449302673339844e+01
2.008597946166992188e+01
1.754466247558593750e+01
1.326487159729003906e+01
2.262301635742187500e+01
1.993658828735351562e+01
2.019871330261230469e+01
2.267980384826660156e+01
2.360857200622558594e+01
1.955589294433593750e+01
2.054084014892578125e+01
2.113030242919921875e+01
2.263048744201660156e+01
2.279961585998535156e+01
2.120767593383789062e+01
2.252971649169921875e+01
1.868923187255859375e+01
2.133657836914062500e+01
2.533795356750488281e+01
1.723090744018554688e+01
2.070866775512695312e+01
2.242280578613281250e+01
2.153087997436523438e+01
2.548801422119140625e+00
1.276546287536621094e+01
2.389328765869140625e+01
2.071673202514648438e+01
2.015057373046875000e+01
2.270775604248046875e+01
1.761192321777343750e+01
2.139539909362792969e+01
1.910586929321289062e+01
1.850991249084472656e+01
2.266718101501464844e+01
2.019249343872070312e+01
1.971837425231933594e+01
2.505538749694824219e+01
1.935740852355957031e+01
1.636355781555175781e+01
2.184470558166503906e+01
1.988056755065917969e+01
2.078388214111328125e+01
2.507776641845703125e+01
2.152651405334472656e+01
1.879542732238769531e+01
2.006198120117187500e+01
1.955914688110351562e+01
1.788999176025390625e+01
2.421601295471191406e+01
1.853428840637207031e+01
1.983164978027343750e+01
2.256398391723632812e+01
1.813858985900878906e+01
2.075883674621582031e+01
2.267159652709960938e+01
2.270559310913085938e+01
2.022670364379882812e+01
1.626091766357421875e+01
1.979470443725585938e+01
1.742846107482910156e+01
2.311225509643554688e+01
2.031950569152832031e+01
2.197930335998535156e+01
1.915336418151855469e+01
2.009132385253906250e+01
2.077669525146484375e+01
2.134676933288574219e+01
1.846568679809570312e+01
1.732324409484863281e+01
2.165454101562500000e+01
1.890647315979003906e+01
1.901969909667968750e+01
8.001118659973144531e+00
2.569001007080078125e+01
2.498117208480834961e+00
2.187825775146484375e+01
1.765913772583007812e+01
1.942489624023437500e+01
2.165308189392089844e+01
1.849850273132324219e+01
2.055150032043457031e+01
2.298897933959960938e+01
1.841823387145996094e+01
2.279283142089843750e+01
1.670935630798339844e+01
1.792367362976074219e+01
1.396657085418701172e+01
2.023407363891601562e+01
2.074056053161621094e+01
2.132730293273925781e+01
2.286608123779296875e+01
1.573192882537841797e+01
7.677618026733398438e+00
1.685834884643554688e+01
2.013377952575683594e+01
7.122493267059326172e+00
1.659597778320312500e+01
1.879244995117187500e+01
2.340143013000488281e+01
1.860687637329101562e+01
2.296989440917968750e+01
1.660426330566406250e+01
1.854441452026367188e+01
1.698124694824218750e+01
1.761299133300781250e+01
2.020915603637695312e+01
1.980559539794921875e+01
1.976400756835937500e+01
1.684951210021972656e+01
1.952922630310058594e+01
1.877720832824707031e+01
2.335330772399902344e+01
1.925161361694335938e+01
2.107728195190429688e+01
2.017352294921875000e+01
7.554765701293945312e+00
2.217455673217773438e+01
2.127072334289550781e+01
2.115580940246582031e+01
1.944822311401367188e+01
2.365015411376953125e+01
1.942635726928710938e+01
2.282024765014648438e+01
1.322548389434814453e+01
2.161417007446289062e+01
2.237014389038085938e+01
2.074151611328125000e+01
2.457873344421386719e+01
8.187471389770507812e+00
2.458344841003417969e+01
