2.263961219787597656e+01
1.829064559936523438e+01
2.008363914489746094e+01
2.031451797485351562e+01
2.535725212097167969e+01
2.433814620971679688e+01
2.337032699584960938e+01
1.955461883544921875e+01
1.600514030456542969e+01
1.966699218750000000e+01
2.474664115905761719e+01
2.043529129028320312e+01
2.024063873291015625e+01
1.121856594085693359e+01
2.207726097106933594e+01
2.275681686401367188e+01
2.322790718078613281e+01
1.837358856201171875e+01
1.962932014465332031e+01
1.636989974975585938e+01
2.190747833251953125e+01
2.385590362548828125e+01
2.096603775024414062e+01
2.237802314758300781e+01
1.992158699035644531e+01
2.195504951477050781e+01
2.135647583007812500e+01
2.195434761047363281e+01
2.058906555175781250e+01
2.029488372802734375e+01
2.111257743835449219e+01
2.146030998229980469e+01
1.762912559509277344e+01
2.091942787170410156e+01
2.365792655944824219e+01
2.145743560791015625e+01
2.230914688110351562e+01
2.361442947387695312e+01
2.314826202392578125e+01
2.134374237060546875e+01
2.252812957763671875e+01
2.243548583984375000e+01
2.130341339111328125e+01
1.838314819335937500e+01
1.589241600036621094e+01
2.279024505615234375e+01
2.188282203674316406e+01
2.032171821594238281e+01
1.409394073486328125e+01
2.382341194152832031e+01
2.193511962890625000e+01
2.402491378784179688e+01
2.363693618774414062e+01
2.092490768432617188e+01
2.457298088073730469e+01
2.075234603881835938e+01
1.923648643493652344e+01
1.553546142578125000e+01
2.209919548034667969e+01
1.854030799865722656e+01
1.844428825378417969e+01
1.918465805053710938e+01
2.373490524291992188e+01
2.227755355834960938e+01
1.968383026123046875e+01
2.397550201416015625e+01
1.222077178955078125e+01
2.069683456420898438e+01
1.921161842346191406e+01
7.378445625305175781e+00
2.210567665100097656e+01
1.952063369750976562e+01
1.689529037475585938e+01
1.755950927734375000e+01
2.114239501953125000e+01
2.017384338378906250e+01
2.031493759155273438e+01
2.122153663635253906e+01
2.534731292724609375e+01
1.346547985076904297e+01
1.641035270690917969e+01
2.191810417175292969e+01
2.148279953002929688e+01
2.264136314392089844e+01
2.292832946777343750e+01
1.444807529449462891e+01
2.027369308471679688e+01
2.116356658935546875e+01
1.843037414550781250e+01
1.975197982788085938e+01
2.001200103759765625e+01
2.290606689453125000e+01
2.417467880249023438e+01
1.595280551910400391e+01
1.873035430908203125e+01
2.563569450378417969e+01
1.965714073181152344e+01
1.598346138000488281e+01
2.228166961669921875e+01
1.529944133758544922e+01
2.238361740112304688e+01
1.965839385986328125e+01
1.797181701660156250e+01
2.463967704772949219e+01
1.965649223327636719e+01
1.919726562500000000e+01
2.121064186096191406e+01
2.088252449035644531e+01
1.766448593139648438e+01
2.480667495727539062e+01
1.938653182983398438e+01
2.001346778869628906e+01
2.451688003540039062e+01
1.947063446044921875e+01
2.090927124023437500e+01
1.851214790344238281e+01
1.832615852355957031e+01
1.837395286560058594e+01
2.005892753601074219e+01
2.063610458374023438e+01
2.071025657653808594e+01
1.808493232727050781e+01
1.887319564819335938e+01
1.629725265502929688e+01
2.349272346496582031e+01
4.241580009460449219e+00
1.690798759460449219e+01
1.918397712707519531e+01
2.056370735168457031e+01
2.255679512023925781e+01
2.375177001953125000e+01
1.729751205444335938e+01
1.494503116607666016e+01
1.530104160308837891e+01
2.178184127807617188e+01
2.169413375854492188e+01
1.734113311767578125e+01
2.040790939331054688e+01
1.442822837829589844e+01
1.719652557373046875e+01
1.696578598022460938e+01
2.267594528198242188e+01
9.398262023925781250e+00
2.219987297058105469e+01
2.321519088745117188e+01
1.726898574829101562e+01
1.568874740600585938e+01
2.046124458312988281e+01
2.128063201904296875e+01
2.185095214843750000e+01
1.891239929199218750e+01
2.200062370300292969e+01
1.723971939086914062e+01
2.071962165832519531e+01
1.996980285644531250e+01
1.876569938659667969e+01
1.621920013427734375e+01
2.162773323059082031e+01
2.230830192565917969e+01
2.081623077392578125e+01
2.149438476562500000e+01
2.005574989318847656e+01
1.599723148345947266e+01
2.110851669311523438e+01
2.201513290405273438e+01
1.747260856628417969e+01
1.832842254638671875e+01
2.303023529052734375e+01
2.132767105102539062e+01
2.247011756896972656e+01
2.104070281982421875e+01
2.142841911315917969e+01
2.268775939941406250e+01
1.871050262451171875e+01
2.506980514526367188e+01
1.837367057800292969e+01
1.933078575134277344e+01
1.817746734619140625e+01
1.770017242431640625e+01
1.782360839843750000e+01
2.202590751647949219e+01
2.133995819091796875e+01
2.344202995300292969e+01
1.958514976501464844e+01
2.227140426635742188e+01
2.041975593566894531e+01
2.497745895385742188e+01
2.318954849243164062e+01
2.204713821411132812e+01
2.309200477600097656e+01
2.332661056518554688e+01
2.272370719909667969e+01
2.264047431945800781e+01
1.514583015441894531e+01
1.951617431640625000e+01
2.430090713500976562e+01
2.005765151977539062e+01
2.169228363037109375e+01
1.190447998046875000e+01
2.216185569763183594e+01
2.358411788940429688e+01
1.540296936035156250e+01
1.050652122497558594e+01
2.089859390258789062e+01
1.741266632080078125e+01
2.534891319274902344e+01
2.413444709777832031e+01
2.103623199462890625e+01
1.832292938232421875e+01
1.946810150146484375e+01
2.050426864624023438e+01
1.802071952819824219e+01
2.073301124572753906e+01
2.504693412780761719e+01
2.366902160644531250e+01
2.123067665100097656e+01
2.244680023193359375e+01
1.779762840270996094e+01
2.053428268432617188e+01
8.974798202514648438e+00
2.227953338623046875e+01
2.366470909118652344e+01
1.632975769042968750e+01
1.995801734924316406e+01
2.069555854797363281e+01
1.840927124023437500e+01
2.321961784362792969e+01
1.870020675659179688e+01
2.057900428771972656e+01
2.357246208190917969e+01
2.027944946289062500e+01
2.465445709228515625e+01
1.767706871032714844e+01
1.916559791564941406e+01
1.554859066009521484e+01
1.620732307434082031e+01
1.811049652099609375e+01
2.576973342895507812e+01
1.895819282531738281e+01
2.100973892211914062e+01
7.758671760559082031e+00
2.112947273254394531e+01
1.948496246337890625e+01
1.979891586303710938e+01
1.900267028808593750e+01
1.919306564331054688e+01
2.000917243957519531e+01
1.748247718811035156e+01
1.956175994873046875e+01
2.198088264465332031e+01
2.179018402099609375e+01
2.355653381347656250e+01
2.061529922485351562e+01
1.779497146606445312e+01
1.992736434936523438e+01
2.408796501159667969e+01
2.276684379577636719e+01
2.116705894470214844e+01
1.919132804870605469e+01
2.448074340820312500e+00
2.142216682434082031e+01
2.114799499511718750e+01
2.102535629272460938e+01
2.117649841308593750e+01
2.518304061889648438e+01
2.096217346191406250e+01
1.928159904479980469e+01
1.965798377990722656e+01
1.257548141479492188e+01
2.324540710449218750e+01
1.858468437194824219e+01
2.474974060058593750e+01
1.873153686523437500e+01
2.042166137695312500e+01
2.572983741760253906e+01
2.031277084350585938e+01
1.889070129394531250e+01
1.838912010192871094e+01
2.194945526123046875e+01
1.784889984130859375e+01
1.946273612976074219e+01
1.930869674682617188e+01
3.642790079116821289e+00
1.802868270874023438e+01
1.912514114379882812e+01
2.380448532104492188e+01
1.916212463378906250e+01
2.153156280517578125e+01
1.845086860656738281e+01
2.199111938476562500e+01
2.005385780334472656e+01
1.969578742980957031e+01
2.068463134765625000e+01
2.449025917053222656e+01
2.231140708923339844e+01
2.093259620666503906e+01
2.268248939514160156e+01
1.565072250366210938e+01
1.732966423034667969e+01
2.033888435363769531e+01
2.284057044982910156e+01
2.165820121765136719e+01
2.043469238281250000e+01
2.110813522338867188e+01
1.854425811767578125e+01
2.195897674560546875e+01
2.109363555908203125e+01
1.955052185058593750e+01
2.243077278137207031e+01
2.184114456176757812e+01
2.567912292480468750e+01
2.429302978515625000e+01
1.684417915344238281e+01
1.960610389709472656e+01
2.238607788085937500e+01
2.275984573364257812e+01
1.700831222534179688e+01
2.010412025451660156e+01
1.100122642517089844e+01
1.151294136047363281e+01
2.045860290527343750e+01
1.915571784973144531e+01
1.732047271728515625e+01
2.061337471008300781e+01
2.217453193664550781e+01
2.349743270874023438e+01
1.509298038482666016e+01
2.438582611083984375e+01
1.738821792602539062e+01
1.880423927307128906e+01
2.341590881347656250e+01
1.616318130493164062e+01
2.058568572998046875e+01
2.207235717773437500e+01
1.977990150451660156e+01
2.318584060668945312e+01
1.938189697265625000e+01
1.876391601562500000e+01
2.169482803344726562e+01
1.023356437683105469e+01
2.227925872802734375e+01
1.940106582641601562e+01
1.881862640380859375e+01
1.879923439025878906e+01
2.153257751464843750e+01
1.927152442932128906e+01
2.035692977905273438e+01
2.382099914550781250e+01
1.868382644653320312e+01
2.197208404541015625e+01
1.787602615356445312e+01
1.976547241210937500e+01
2.136159133911132812e+01
2.350971412658691406e+01
2.402901840209960938e+01
1.479182052612304688e+01
1.990540695190429688e+01
2.001931381225585938e+01
2.155606079101562500e+01
2.127055549621582031e+01
2.251525115966796875e+01
2.020813369750976562e+01
2.001208496093750000e+01
2.352164840698242188e+01
2.306362533569335938e+01
2.053649520874023438e+01
2.016624641418457031e+01
2.052602386474609375e+01
1.961103820800781250e+01
1.950280189514160156e+01
2.388867187500000000e+01
2.322827148437500000e+01
1.633404541015625000e+01
2.302276992797851562e+01
2.132063293457031250e+01
2.468145179748535156e+01
2.305991363525390625e+01
2.076184082031250000e+01
1.625684738159179688e+01
1.926848220825195312e+01
2.009906387329101562e+01
2.112461090087890625e+01
1.840076065063476562e+01
1.865266227722167969e+01
2.181923484802246094e+01
1.922175407409667969e+01
2.205961990356445312e+01
2.566522216796875000e+01
1.981544876098632812e+01
2.464164924621582031e+01
1.892210769653320312e+01
1.629590797424316406e+01
1.980632400512695312e+01
2.126492691040039062e+01
1.683540153503417969e+01
2.153691101074218750e+01
2.195289039611816406e+01
2.009936332702636719e+01
1.092917633056640625e+01
2.088344001770019531e+01
2.288371467590332031e+01
2.175438880920410156e+01
2.125275850296020508e+00
5.618947982788085938e+00
1.590876483917236328e+01
1.707486152648925781e+01
1.826924705505371094e+01
2.037741470336914062e+01
1.855293273925781250e+01
1.742351913452148438e+01
2.199082756042480469e+01
2.175200843811035156e+01
2.028436088562011719e+01
2.129974174499511719e+01
2.331432914733886719e+01
2.430695152282714844e+01
2.087955093383789062e+01
1.328029823303222656e+01
8.006370544433593750e+00
1.919808387756347656e+01
2.307634353637695312e+01
2.014425277709960938e+01
1.336071395874023438e+01
2.048185539245605469e+01
1.398401641845703125e+01
1.644747161865234375e+01
2.459795379638671875e+01
2.301618003845214844e+01
2.009555816650390625e+01
1.712159919738769531e+01
1.706612968444824219e+01
1.360247611999511719e+01
1.471695137023925781e+01
1.999869155883789062e+01
2.003043746948242188e+01
2.098750495910644531e+01
1.950745582580566406e+01
1.941123199462890625e+01
2.022845649719238281e+01
2.011286354064941406e+01
1.849018096923828125e+01
6.927435874938964844e+00
2.264393424987792969e+01
1.884959411621093750e+01
1.858337020874023438e+01
1.948603057861328125e+01
2.425418281555175781e+01
1.755464553833007812e+01
1.860827827453613281e+01
1.896503448486328125e+01
1.390429019927978516e+01
2.299423980712890625e+01
2.105611801147460938e+01
1.928699684143066406e+01
2.140337371826171875e+01
1.873637008666992188e+01
1.519575881958007812e+01
2.469860839843750000e+01
1.877846527099609375e+01
2.103740692138671875e+01
2.155744743347167969e+01
1.509557914733886719e+01
2.011051177978515625e+01
2.128189277648925781e+01
2.199264144897460938e+01
1.759756660461425781e+01
1.268007659912109375e+01
2.461987686157226562e+01
2.153720474243164062e+01
2.181623077392578125e+01
1.866988945007324219e+01
2.005184173583984375e+01
1.814234161376953125e+01
2.397495651245117188e+01
1.828997039794921875e+01
2.373748779296875000e+01
1.874335670471191406e+01
2.261459541320800781e+01
2.360287094116210938e+01
1.935184097290039062e+01
2.304658889770507812e+01
2.051772308349609375e+01
1.997370362281799316e+00
2.052486038208007812e+01
2.142859458923339844e+01
1.906357002258300781e+01
1.705536460876464844e+01
2.121515846252441406e+01
1.770371246337890625e+01
2.273490524291992188e+01
2.069711303710937500e+01
1.892343711853027344e+01
1.936298751831054688e+01
1.119563579559326172e+00
1.410865974426269531e+01
2.050757598876953125e+01
2.237425613403320312e+01
2.275875854492187500e+01
2.081406593322753906e+01
1.869359397888183594e+01
2.223694038391113281e+01
2.132120132446289062e+01
2.122506332397460938e+01
2.568874168395996094e+01
2.381362152099609375e+01
2.537043380737304688e+01
1.750392150878906250e+01
2.294551277160644531e+01
2.643443107604980469e+01
2.255073547363281250e+01
2.260654449462890625e+01
1.938838768005371094e+01
2.393102455139160156e+01
2.021940231323242188e+01
1.861461448669433594e+01
1.967969703674316406e+01
1.631547546386718750e+01
2.154496002197265625e+01
2.001534652709960938e+01
1.936906051635742188e+01
1.808451461791992188e+01
2.119336509704589844e+01
2.103200340270996094e+01
1.993737030029296875e+01
2.343299674987792969e+01
2.130859375000000000e+01
1.984158706665039062e+01
2.122695922851562500e+01
1.964909362792968750e+01
1.892512702941894531e+01
2.050286865234375000e+01
1.964874458312988281e+01
1.940606498718261719e+01
2.172554969787597656e+01
2.045193481445312500e+01
1.988540649414062500e+01
1.956612586975097656e+01
1.567802429199218750e+01
2.098982810974121094e+01
1.867547607421875000e+01
2.122402191162109375e+01
1.619694519042968750e+01
2.225795173645019531e+01
1.906056022644042969e+01
2.080467796325683594e+01
1.975332260131835938e+01
2.333261871337890625e+01
1.917328643798828125e+01
1.985202598571777344e+01
1.997492218017578125e+01
1.959379577636718750e+01
2.116374778747558594e+01
2.038303565979003906e+01
1.902932739257812500e+01
1.694063568115234375e+01
1.517477607727050781e+01
2.276821327209472656e+01
1.762454605102539062e+01
1.446945667266845703e+01
1.940339851379394531e+01
2.208025741577148438e+01
1.972557067871093750e+01
2.075038146972656250e+01
1.747205924987792969e+01
2.047381019592285156e+01
1.990627288818359375e+01
1.587148284912109375e+01
2.234126853942871094e+01
2.098176956176757812e+01
1.916892623901367188e+01
2.011173629760742188e+01
1.898346519470214844e+01
2.392980194091796875e+01
2.313375473022460938e+01
2.335405921936035156e+01
2.018328475952148438e+01
1.895693016052246094e+01
2.263932609558105469e+01
2.032116889953613281e+01
1.987828445434570312e+01
2.152322006225585938e+01
2.453444290161132812e+01
2.175561332702636719e+01
1.991601943969726562e+01
2.140140914916992188e+01
2.088235473632812500e+01
2.167865562438964844e+01
1.734133911132812500e+01
2.387141609191894531e+01
2.241973876953125000e+01
1.753570747375488281e+01
1.830065536499023438e+01
2.304846382141113281e+01
2.420180892944335938e+01
2.086139488220214844e+01
1.913745689392089844e+01
1.412304496765136719e+01
2.096943283081054688e+01
2.200897407531738281e+01
1.977589988708496094e+01
2.039563941955566406e+01
2.414092254638671875e+01
2.068959426879882812e+01
1.892110824584960938e+01
2.092521858215332031e+01
1.946642494201660156e+01
2.258219909667968750e+01
1.567497920989990234e+01
2.353278923034667969e+01
2.088680839538574219e+01
1.537861633300781250e+01
2.121738624572753906e+01
2.232698631286621094e+01
1.901187133789062500e+01
2.096789932250976562e+01
1.787789916992187500e+01
1.067939758300781250e+01
2.325399589538574219e+01
1.996084594726562500e+01
2.400094604492187500e+01
8.350337028503417969e+00
1.156506156921386719e+01
2.175410270690917969e+01
1.862493515014648438e+01
1.836648559570312500e+01
1.713651084899902344e+01
1.849118041992187500e+01
2.175813293457031250e+01
2.248081970214843750e+01
1.758134651184082031e+01
1.544721317291259766e+01
2.495258903503417969e+01
2.329686355590820312e+01
2.260403633117675781e+01
1.951337051391601562e+01
2.153270149230957031e+01
1.997149085998535156e+01
2.081632614135742188e+01
1.849812698364257812e+01
2.117990303039550781e+01
1.987691307067871094e+01
1.482783126831054688e+01
2.155150413513183594e+01
2.174152946472167969e+01
2.041337013244628906e+01
1.945490646362304688e+01
2.317381858825683594e+01
2.413668441772460938e+01
1.239807701110839844e+01
2.430048370361328125e+01
2.093360519409179688e+01
2.066658401489257812e+01
2.406159019470214844e+01
1.888088798522949219e+01
2.315061569213867188e+01
2.087845230102539062e+01
1.621927452087402344e+01
2.034178733825683594e+01
1.929825592041015625e+01
9.801830291748046875e+00
2.069653892517089844e+01
2.157710266113281250e+01
1.712453842163085938e+01
2.253143501281738281e+01
1.907701873779296875e+01
2.002935028076171875e+01
2.060240173339843750e+01
1.978450012207031250e+01
2.257971382141113281e+01
2.227330017089843750e+01
2.237017440795898438e+01
1.899667358398437500e+01
2.139512443542480469e+01
9.202760696411132812e+00
1.563740158081054688e+01
2.400283622741699219e+01
1.907769012451171875e+01
2.163125610351562500e+01
1.456563568115234375e+01
1.777317619323730469e+01
2.179027938842773438e+01
2.153409194946289062e+01
2.064142608642578125e+01
2.105386352539062500e+01
1.966996574401855469e+01
2.233931732177734375e+01
2.494872856140136719e+01
1.902521896362304688e+01
1.590938949584960938e+01
1.209089660644531250e+01
1.813034439086914062e+01
1.867109489440917969e+01
1.875717926025390625e+01
2.025882339477539062e+01
2.041738891601562500e+01
1.311125183105468750e+01
1.836213874816894531e+01
2.150009727478027344e+01
2.083723068237304688e+01
2.322764396667480469e+01
1.286288642883300781e+01
6.431561470031738281e+00
1.227482414245605469e+01
2.223042869567871094e+01
2.240887832641601562e+01
1.712232208251953125e+01
1.955447006225585938e+01
2.037309265136718750e+01
1.662147712707519531e+01
2.268480300903320312e+01
2.229802894592285156e+01
2.366407012939453125e+01
2.294345664978027344e+01
2.579810333251953125e+01
1.865301895141601562e+01
2.295716476440429688e+01
2.091621971130371094e+01
1.895003318786621094e+01
1.889048385620117188e+01
2.110020256042480469e+01
1.557494163513183594e+01
1.564561843872070312e+01
1.969370269775390625e+01
2.565131950378417969e+01
2.330272293090820312e+01
1.808438110351562500e+01
2.414496994018554688e+01
1.288304996490478516e+01
1.410471820831298828e+01
1.616617965698242188e+01
2.052123641967773438e+01
1.918166351318359375e+01
2.532764053344726562e+01
1.982004928588867188e+01
2.341834640502929688e+01
2.214415359497070312e+01
1.760776519775390625e+01
2.133454132080078125e+01
1.520241165161132812e+01
1.836638259887695312e+01
1.982054519653320312e+01
1.502387714385986328e+01
2.192003250122070312e+01
1.716347694396972656e+01
1.629715919494628906e+01
1.731009864807128906e+01
1.922245025634765625e+01
2.106304168701171875e+01
2.123194122314453125e+01
2.002857208251953125e+01
2.033084869384765625e+01
2.150809860229492188e+01
2.404334640502929688e+01
1.987333679199218750e+01
1.581422042846679688e+01
1.766241073608398438e+01
2.023163986206054688e+01
2.034619522094726562e+01
2.066798210144042969e+01
2.296102714538574219e+01
2.398623466491699219e+01
1.930610847473144531e+01
2.220979499816894531e+01
1.428126144409179688e+01
2.610911941528320312e+01
1.975016403198242188e+01
1.931736373901367188e+01
8.532141447067260742e-01
2.009298896789550781e+01
1.900437545776367188e+01
1.757748603820800781e+01
1.369485664367675781e+01
2.195019531250000000e+01
2.178871726989746094e+01
1.395661067962646484e+01
1.904287719726562500e+01
2.157321548461914062e+01
1.923846817016601562e+01
1.877649688720703125e+01
1.980605316162109375e+01
2.237487983703613281e+01
2.252717208862304688e+01
2.079368400573730469e+01
2.213276481628417969e+01
1.806885719299316406e+01
2.154576492309570312e+01
2.154343032836914062e+01
1.951283454895019531e+01
2.066217422485351562e+01
1.884272766113281250e+01
1.983124542236328125e+01
2.164985275268554688e+01
1.955630493164062500e+01
1.744009780883789062e+01
1.920744895935058594e+01
2.156552696228027344e+01
1.534272003173828125e+01
2.046980285644531250e+01
1.937018966674804688e+01
2.015444564819335938e+01
2.062061882019042969e+01
1.953905105590820312e+01
2.171767044067382812e+01
1.944190979003906250e+01
2.020532035827636719e+01
2.116343498229980469e+01
1.985725784301757812e+01
2.139327239990234375e+01
1.978739929199218750e+01
1.695182418823242188e+01
1.670764732360839844e+01
2.068982315063476562e+01
1.971441078186035156e+01
2.053989982604980469e+01
2.001314353942871094e+01
1.771076965332031250e+01
1.961938858032226562e+01
2.728303337097167969e+01
2.071193122863769531e+01
2.181272125244140625e+01
1.800379180908203125e+01
2.189081573486328125e+01
1.626424598693847656e+01
2.671031951904296875e+01
2.243994903564453125e+01
1.758756065368652344e+01
1.871552848815917969e+01
2.209994316101074219e+01
2.574433898925781250e+01
2.019227790832519531e+01
2.477146720886230469e+01
1.963811492919921875e+01
2.112083244323730469e+01
1.994829940795898438e+01
2.048933982849121094e+01
1.937713241577148438e+01
2.161807823181152344e+01
2.493784904479980469e+01
1.771903228759765625e+01
1.660486030578613281e+01
1.924347305297851562e+01
1.839298629760742188e+01
2.272577857971191406e+01
2.469391059875488281e+01
1.798943710327148438e+01
2.240497398376464844e+01
2.189439582824707031e+01
2.278541946411132812e+01
1.768990135192871094e+01
2.078532218933105469e+01
1.855021286010742188e+01
2.062348747253417969e+01
2.019350624084472656e+01
2.232999610900878906e+01
2.438388061523437500e+01
2.072861480712890625e+01
2.615815544128417969e+01
2.110833168029785156e+01
1.832425498962402344e+01
1.533150482177734375e+01
2.031244850158691406e+01
2.134158515930175781e+01
1.024841880798339844e+01
2.096080780029296875e+01
2.463178634643554688e+01
2.158176422119140625e+01
2.179386901855468750e+01
1.446224498748779297e+01
1.970607566833496094e+01
2.098314285278320312e+01
2.153208732604980469e+01
2.084377861022949219e+01
2.195876312255859375e+01
2.031562423706054688e+01
2.088332176208496094e+01
2.139123153686523438e+01
2.133907318115234375e+01
2.010324096679687500e+01
1.909636306762695312e+01
1.769946861267089844e+01
2.552370262145996094e+01
1.611152839660644531e+01
1.800058555603027344e+01
1.897300720214843750e+01
2.099970626831054688e+01
2.083677864074707031e+01
1.988596343994140625e+01
1.881751251220703125e+01
1.861859512329101562e+01
1.695277976989746094e+01
2.149465560913085938e+01
2.258459472656250000e+01
2.348503684997558594e+01
1.769977569580078125e+01
1.990257072448730469e+01
2.084129905700683594e+01
1.952026557922363281e+01
1.707637786865234375e+01
2.104141235351562500e+01
1.829332160949707031e+01
2.428820800781250000e+01
2.434494400024414062e+01
1.677840232849121094e+01
1.942086791992187500e+01
1.840019226074218750e+01
2.082831192016601562e+01
2.224174690246582031e+01
2.127224731445312500e+01
1.925956344604492188e+01
2.164373397827148438e+01
2.158918952941894531e+01
2.073432922363281250e+01
1.921660232543945312e+01
1.855039596557617188e+01
2.141115760803222656e+01
2.139490127563476562e+01
2.108718109130859375e+01
2.407656288146972656e+01
2.211014175415039062e+01
2.143129730224609375e+01
2.002484512329101562e+01
2.191725921630859375e+01
2.117108535766601562e+01
2.151529312133789062e+01
2.115540695190429688e+01
2.093205451965332031e+01
2.399296569824218750e+01
1.044208717346191406e+01
1.529247665405273438e+01
2.104635047912597656e+01
2.305191612243652344e+01
2.073013877868652344e+01
2.161384963989257812e+01
1.131083297729492188e+01
2.444884681701660156e+01
1.968829154968261719e+01
2.076216888427734375e+01
2.289991378784179688e+01
2.241630935668945312e+01
2.257891654968261719e+01
1.923519706726074219e+01
1.985701370239257812e+01
1.967063522338867188e+01
2.461594390869140625e+01
2.669987869262695312e+01
2.457206153869628906e+01
2.118472671508789062e+01
1.894475555419921875e+01
1.553231620788574219e+01
1.798995399475097656e+01
1.844822883605957031e+01
1.302993774414062500e+01
2.314771270751953125e+01
1.971249771118164062e+01
7.957860469818115234e+00
1.949619483947753906e+01
2.405778694152832031e+01
2.388378143310546875e+01
2.310727691650390625e+01
2.353812599182128906e+01
2.268647956848144531e+01
2.279955673217773438e+01
2.109204673767089844e+01
2.007172584533691406e+01
2.147237014770507812e+01
2.512262725830078125e+01
2.019184875488281250e+01
1.372987365722656250e+01
1.158165931701660156e+01
2.059317779541015625e+01
2.258861160278320312e+01
2.131821823120117188e+01
2.100063323974609375e+01
2.193789482116699219e+01
1.898004150390625000e+01
2.325481986999511719e+01
2.230279541015625000e+01
1.948455619812011719e+01
1.955245399475097656e+01
1.884557342529296875e+01
2.071318817138671875e+01
1.546230697631835938e+01
2.006076240539550781e+01
1.948435020446777344e+01
2.343882179260253906e+01
1.948699569702148438e+01
8.556971549987792969e+00
1.427404785156250000e+01
2.200567436218261719e+01
2.318253326416015625e+01
2.003874588012695312e+01
1.723986625671386719e+01
2.320197677612304688e+01
1.805932617187500000e+01
1.953888320922851562e+01
2.078035545349121094e+01
2.230934524536132812e+01
1.922480773925781250e+01
2.169943237304687500e+01
2.399852752685546875e+01
