2.263961219787597656e+01
1.829064559936523438e+01
2.008363914489746094e+01
2.031451797485351562e+01
2.535725212097167969e+01
2.433814620971679688e+01
2.337032699584960938e+01
1.955461883544921875e+01
1.600514030456542969e+01
1.966699218750000000e+01
2.474664115905761719e+01
2.043529129028320312e+01
2.024063873291015625e+01
1.121856594085693359e+01
2.207726097106933594e+01
2.275681686401367188e+01
2.322790718078613281e+01
1.837358856201171875e+01
1.962932014465332031e+01
1.636989974975585938e+01
2.190747833251953125e+01
2.385590362548828125e+01
2.096603775024414062e+01
2.237802314758300781e+01
1.992158699035644531e+01
2.195504951477050781e+01
2.135647583007812500e+01
2.195434761047363281e+01
2.058906555175781250e+01
2.029488372802734375e+01
2.111257743835449219e+01
2.146030998229980469e+01
1.762912559509277344e+01
2.091942787170410156e+01
2.365792655944824219e+01
2.145743560791015625e+01
2.230914688110351562e+01
2.361442947387695312e+01
2.314826202392578125e+01
2.134374237060546875e+01
2.252812957763671875e+01
2.243548583984375000e+01
2.130341339111328125e+01
1.838314819335937500e+01
1.589241600036621094e+01
2.279024505615234375e+01
2.188282203674316406e+01
2.032171821594238281e+01
1.409394073486328125e+01
2.382341194152832031e+01
2.193511962890625000e+01
2.402491378784179688e+01
2.363693618774414062e+01
2.092490768432617188e+01
2.457298088073730469e+01
2.075234603881835938e+01
1.923648643493652344e+01
1.553546142578125000e+01
2.209919548034667969e+01
1.854030799865722656e+01
1.844428825378417969e+01
1.918465805053710938e+01
2.373490524291992188e+01
2.227755355834960938e+01
1.968383026123046875e+01
2.397550201416015625e+01
1.222077178955078125e+01
2.069683456420898438e+01
1.921161842346191406e+01
7.378445625305175781e+00
2.210567665100097656e+01
1.952063369750976562e+01
1.689529037475585938e+01
1.755950927734375000e+01
2.114239501953125000e+01
2.017384338378906250e+01
2.031493759155273438e+01
2.122153663635253906e+01
2.534731292724609375e+01
1.346547985076904297e+01
1.641035270690917969e+01
2.191810417175292969e+01
2.148279953002929688e+01
2.264136314392089844e+01
2.292832946777343750e+01
1.444807529449462891e+01
2.027369308471679688e+01
2.116356658935546875e+01
1.843037414550781250e+01
1.975197982788085938e+01
2.001200103759765625e+01
2.290606689453125000e+01
2.417467880249023438e+01
1.595280551910400391e+01
1.873035430908203125e+01
2.563569450378417969e+01
1.965714073181152344e+01
1.598346138000488281e+01
2.228166961669921875e+01
1.529944133758544922e+01
2.238361740112304688e+01
1.965839385986328125e+01
1.797181701660156250e+01
2.463967704772949219e+01
1.965649223327636719e+01
1.919726562500000000e+01
2.121064186096191406e+01
2.088252449035644531e+01
1.766448593139648438e+01
2.480667495727539062e+01
1.938653182983398438e+01
2.001346778869628906e+01
2.451688003540039062e+01
1.947063446044921875e+01
2.090927124023437500e+01
1.851214790344238281e+01
1.832615852355957031e+01
1.837395286560058594e+01
2.005892753601074219e+01
2.063610458374023438e+01
2.071025657653808594e+01
1.808493232727050781e+01
1.887319564819335938e+01
1.629725265502929688e+01
2.349272346496582031e+01
4.241580009460449219e+00
1.690798759460449219e+01
1.918397712707519531e+01
2.056370735168457031e+01
2.255679512023925781e+01
2.375177001953125000e+01
1.729751205444335938e+01
1.494503116607666016e+01
1.530104160308837891e+01
2.178184127807617188e+01
2.169413375854492188e+01
1.734113311767578125e+01
2.040790939331054688e+01
1.442822837829589844e+01
1.719652557373046875e+01
1.696578598022460938e+01
2.267594528198242188e+01
9.398262023925781250e+00
2.219987297058105469e+01
2.321519088745117188e+01
1.726898574829101562e+01
1.568874740600585938e+01
2.046124458312988281e+01
2.128063201904296875e+01
2.185095214843750000e+01
1.891239929199218750e+01
2.200062370300292969e+01
1.723971939086914062e+01
2.071962165832519531e+01
1.996980285644531250e+01
1.876569938659667969e+01
1.621920013427734375e+01
2.162773323059082031e+01
2.230830192565917969e+01
2.081623077392578125e+01
2.149438476562500000e+01
2.005574989318847656e+01
1.599723148345947266e+01
2.110851669311523438e+01
2.201513290405273438e+01
1.747260856628417969e+01
1.832842254638671875e+01
2.303023529052734375e+01
2.132767105102539062e+01
2.247011756896972656e+01
2.104070281982421875e+01
2.142841911315917969e+01
2.268775939941406250e+01
1.871050262451171875e+01
2.506980514526367188e+01
1.837367057800292969e+01
1.933078575134277344e+01
1.817746734619140625e+01
1.770017242431640625e+01
1.782360839843750000e+01
2.202590751647949219e+01
2.133995819091796875e+01
2.344202995300292969e+01
1.958514976501464844e+01
2.227140426635742188e+01
2.041975593566894531e+01
2.497745895385742188e+01
2.318954849243164062e+01
2.204713821411132812e+01
2.309200477600097656e+01
2.332661056518554688e+01
2.272370719909667969e+01
2.264047431945800781e+01
1.514583015441894531e+01
1.951617431640625000e+01
2.430090713500976562e+01
2.005765151977539062e+01
2.169228363037109375e+01
1.190447998046875000e+01
2.216185569763183594e+01
2.358411788940429688e+01
1.540296936035156250e+01
1.050652122497558594e+01
2.089859390258789062e+01
1.741266632080078125e+01
2.534891319274902344e+01
2.413444709777832031e+01
2.103623199462890625e+01
1.832292938232421875e+01
1.946810150146484375e+01
2.050426864624023438e+01
1.802071952819824219e+01
2.073301124572753906e+01
2.504693412780761719e+01
2.366902160644531250e+01
2.123067665100097656e+01
2.244680023193359375e+01
1.779762840270996094e+01
2.053428268432617188e+01
8.974798202514648438e+00
2.227953338623046875e+01
2.366470909118652344e+01
1.632975769042968750e+01
1.995801734924316406e+01
2.069555854797363281e+01
1.840927124023437500e+01
2.321961784362792969e+01
1.870020675659179688e+01
2.057900428771972656e+01
2.357246208190917969e+01
2.027944946289062500e+01
2.465445709228515625e+01
1.767706871032714844e+01
1.916559791564941406e+01
1.554859066009521484e+01
1.620732307434082031e+01
1.811049652099609375e+01
2.576973342895507812e+01
1.895819282531738281e+01
2.100973892211914062e+01
7.758671760559082031e+00
2.112947273254394531e+01
1.948496246337890625e+01
1.979891586303710938e+01
1.900267028808593750e+01
1.919306564331054688e+01
2.000917243957519531e+01
1.748247718811035156e+01
1.956175994873046875e+01
2.198088264465332031e+01
2.179018402099609375e+01
2.355653381347656250e+01
2.061529922485351562e+01
1.779497146606445312e+01
1.992736434936523438e+01
2.408796501159667969e+01
2.276684379577636719e+01
2.116705894470214844e+01
1.919132804870605469e+01
2.448074340820312500e+00
2.142216682434082031e+01
2.114799499511718750e+01
2.102535629272460938e+01
2.117649841308593750e+01
2.518304061889648438e+01
2.096217346191406250e+01
1.928159904479980469e+01
1.965798377990722656e+01
1.257548141479492188e+01
2.324540710449218750e+01
1.858468437194824219e+01
2.474974060058593750e+01
1.873153686523437500e+01
2.042166137695312500e+01
2.572983741760253906e+01
2.031277084350585938e+01
1.889070129394531250e+01
1.838912010192871094e+01
2.194945526123046875e+01
1.784889984130859375e+01
1.946273612976074219e+01
1.930869674682617188e+01
3.642790079116821289e+00
1.802868270874023438e+01
1.912514114379882812e+01
2.380448532104492188e+01
1.916212463378906250e+01
2.153156280517578125e+01
1.845086860656738281e+01
2.199111938476562500e+01
2.005385780334472656e+01
1.969578742980957031e+01
2.068463134765625000e+01
2.449025917053222656e+01
2.231140708923339844e+01
2.093259620666503906e+01
2.268248939514160156e+01
1.565072250366210938e+01
1.732966423034667969e+01
2.033888435363769531e+01
2.284057044982910156e+01
2.165820121765136719e+01
2.043469238281250000e+01
2.110813522338867188e+01
1.854425811767578125e+01
2.195897674560546875e+01
2.109363555908203125e+01
1.955052185058593750e+01
2.243077278137207031e+01
2.184114456176757812e+01
2.567912292480468750e+01
2.429302978515625000e+01
1.684417915344238281e+01
1.960610389709472656e+01
2.238607788085937500e+01
2.275984573364257812e+01
1.700831222534179688e+01
2.010412025451660156e+01
1.100122642517089844e+01
1.151294136047363281e+01
2.045860290527343750e+01
1.915571784973144531e+01
1.732047271728515625e+01
2.061337471008300781e+01
2.217453193664550781e+01
2.349743270874023438e+01
1.509298038482666016e+01
2.438582611083984375e+01
1.738821792602539062e+01
1.880423927307128906e+01
2.341590881347656250e+01
1.616318130493164062e+01
2.058568572998046875e+01
2.207235717773437500e+01
1.977990150451660156e+01
2.318584060668945312e+01
1.938189697265625000e+01
1.876391601562500000e+01
2.169482803344726562e+01
1.023356437683105469e+01
2.227925872802734375e+01
1.940106582641601562e+01
1.881862640380859375e+01
1.879923439025878906e+01
2.153257751464843750e+01
1.927152442932128906e+01
2.035692977905273438e+01
2.382099914550781250e+01
1.868382644653320312e+01
2.197208404541015625e+01
1.787602615356445312e+01
1.976547241210937500e+01
2.136159133911132812e+01
2.350971412658691406e+01
2.402901840209960938e+01
1.479182052612304688e+01
1.990540695190429688e+01
2.001931381225585938e+01
2.155606079101562500e+01
2.127055549621582031e+01
2.251525115966796875e+01
2.020813369750976562e+01
2.001208496093750000e+01
2.352164840698242188e+01
2.306362533569335938e+01
2.053649520874023438e+01
2.016624641418457031e+01
2.052602386474609375e+01
1.961103820800781250e+01
1.950280189514160156e+01
2.388867187500000000e+01
2.322827148437500000e+01
1.633404541015625000e+01
2.302276992797851562e+01
2.132063293457031250e+01
2.468145179748535156e+01
2.305991363525390625e+01
2.076184082031250000e+01
1.625684738159179688e+01
1.926848220825195312e+01
2.009906387329101562e+01
2.112461090087890625e+01
1.840076065063476562e+01
1.865266227722167969e+01
2.181923484802246094e+01
1.922175407409667969e+01
2.205961990356445312e+01
2.566522216796875000e+01
1.981544876098632812e+01
2.464164924621582031e+01
1.892210769653320312e+01
1.629590797424316406e+01
1.980632400512695312e+01
2.126492691040039062e+01
1.683540153503417969e+01
2.153691101074218750e+01
2.195289039611816406e+01
2.009936332702636719e+01
1.092917633056640625e+01
2.088344001770019531e+01
2.288371467590332031e+01
2.175438880920410156e+01
2.125275850296020508e+00
5.618947982788085938e+00
1.590876483917236328e+01
1.707486152648925781e+01
1.826924705505371094e+01
2.037741470336914062e+01
1.855293273925781250e+01
1.742351913452148438e+01
2.199082756042480469e+01
2.175200843811035156e+01
2.028436088562011719e+01
2.129974174499511719e+01
2.331432914733886719e+01
2.430695152282714844e+01
2.087955093383789062e+01
1.328029823303222656e+01
8.006370544433593750e+00
1.919808387756347656e+01
2.307634353637695312e+01
2.014425277709960938e+01
1.336071395874023438e+01
2.048185539245605469e+01
1.398401641845703125e+01
1.644747161865234375e+01
2.459795379638671875e+01
2.301618003845214844e+01
2.009555816650390625e+01
1.712159919738769531e+01
1.706612968444824219e+01
1.360247611999511719e+01
1.471695137023925781e+01
1.999869155883789062e+01
2.003043746948242188e+01
2.098750495910644531e+01
1.950745582580566406e+01
1.941123199462890625e+01
2.022845649719238281e+01
2.011286354064941406e+01
1.849018096923828125e+01
6.927435874938964844e+00
2.264393424987792969e+01
1.884959411621093750e+01
1.858337020874023438e+01
1.948603057861328125e+01
2.425418281555175781e+01
1.755464553833007812e+01
1.860827827453613281e+01
1.896503448486328125e+01
1.390429019927978516e+01
2.299423980712890625e+01
2.105611801147460938e+01
1.928699684143066406e+01
2.140337371826171875e+01
1.873637008666992188e+01
1.519575881958007812e+01
2.469860839843750000e+01
1.877846527099609375e+01
2.103740692138671875e+01
2.155744743347167969e+01
1.509557914733886719e+01
2.011051177978515625e+01
2.128189277648925781e+01
2.199264144897460938e+01
1.759756660461425781e+01
1.268007659912109375e+01
2.461987686157226562e+01
2.153720474243164062e+01
2.181623077392578125e+01
1.866988945007324219e+01
2.005184173583984375e+01
1.814234161376953125e+01
2.397495651245117188e+01
1.828997039794921875e+01
2.373748779296875000e+01
1.874335670471191406e+01
2.261459541320800781e+01
2.360287094116210938e+01
1.935184097290039062e+01
2.304658889770507812e+01
2.051772308349609375e+01
1.997370362281799316e+00
2.052486038208007812e+01
2.142859458923339844e+01
1.906357002258300781e+01
1.705536460876464844e+01
2.121515846252441406e+01
1.770371246337890625e+01
2.273490524291992188e+01
2.069711303710937500e+01
1.892343711853027344e+01
1.936298751831054688e+01
1.119563579559326172e+00
1.410865974426269531e+01
2.050757598876953125e+01
2.237425613403320312e+01
2.275875854492187500e+01
2.081406593322753906e+01
1.869359397888183594e+01
